<<<<<<< HEAD
[-6, -21]^[-1, -26]
[-6, -21]^[2, -34]
[-6, -21]^[-18, -11]
[-6, -21]^[10, -21]
[-23, -8]^[-18, -11]
[-23, -8]^[-19, 4]
[-23, -8]^[-31, 4]
[-23, -8]^[-28, -23]
[-38, -37]^[-38, -45]
[-38, -37]^[-35, -27]
[-38, -37]^[-32, -46]
[7, 40]^[9, 39]
[7, 40]^[12, 36]
[7, 40]^[13, 35]
[42, -20]^[46, -27]
[42, -20]^[34, -24]
[42, -20]^[33, -16]
[42, -20]^[32, -22]
[-8, 50]^[9, 39]
[-8, 50]^[0, 31]
[-8, 50]^[12, 36]
[-3, -5]^[-18, -11]
[-3, -5]^[-19, 4]
[-3, -5]^[10, -21]
[7, -37]^[2, -34]
[7, -37]^[-1, -26]
[7, -37]^[10, -21]
[7, -37]^[26, -32]
[32, -23]^[32, -22]
[32, -23]^[34, -24]
[32, -23]^[31, -20]
[-18, -11]^[-19, 4]
[12, 36]^[13, 35]
[12, 36]^[9, 39]
[-50, 17]^[-43, 24]
[-50, 17]^[-46, 35]
[-50, 17]^[-31, 4]
[44, 14]^[32, 18]
[44, 14]^[50, 2]
[44, 14]^[40, 29]
[44, 14]^[34, 30]
[-46, 35]^[-39, 39]
[-46, 35]^[-41, 43]
[-46, 35]^[-43, 24]
[-31, -23]^[-28, -23]
[-31, -23]^[-35, -27]
[-31, -23]^[-32, -46]
[-31, -23]^[-38, -45]
[40, 29]^[34, 30]
[40, 29]^[32, 18]
[37, -46]^[40, -38]
[37, -46]^[26, -32]
[37, -46]^[46, -27]
[31, -20]^[32, -22]
[31, -20]^[33, -16]
[-31, 4]^[-17, 15]
[17, 44]^[13, 35]
[17, 44]^[0, 31]
[17, 44]^[34, 30]
[17, 44]^[0, 26]
[-35, -27]^[-28, -23]
[-35, -27]^[-38, -45]
[8, 18]^[0, 26]
[8, 18]^[0, 31]
[8, 18]^[13, 35]
[8, 18]^[32, 18]
[-27, 34]^[-27, 32]
[-27, 34]^[-39, 39]
[-27, 34]^[-41, 43]
[-38, -45]^[-32, -46]
[26, -32]^[34, -24]
[26, -32]^[40, -38]
[-43, 24]^[-39, 39]
[-43, 24]^[-27, 32]
[34, 30]^[32, 18]
[46, -27]^[40, -38]
[33, -16]^[37, -9]
[33, -16]^[32, -3]
[-17, 15]^[-27, 32]
[-17, 15]^[0, 26]
[-17, 15]^[-41, 43]
[-28, -23]^[-1, -26]
[10, -21]^[2, -34]
[32, -3]^[37, -9]
[32, -3]^[50, 2]
[-27, 32]^[0, 26]
[50, 2]^[37, -9]
=======
[-29, -46]^[-14, -50]
[-29, -46]^[-31, -30]
[-29, -46]^[-3, -38]
[-29, -46]^[-21, -18]
[22, -21]^[13, -18]
[22, -21]^[10, -28]
[22, -21]^[35, -14]
[-16, -17]^[-17, -19]
[-16, -17]^[-21, -18]
[-16, -17]^[-11, -12]
[47, -32]^[40, -34]
[47, -32]^[44, -22]
[47, -32]^[39, -47]
[47, -32]^[30, -36]
[-44, 28]^[-35, 32]
[-44, 28]^[-47, 38]
[-44, 28]^[-48, 12]
[-44, 28]^[-25, 32]
[49, 42]^[45, 47]
[49, 42]^[35, 39]
[49, 42]^[30, 34]
[49, 42]^[33, 23]
[-8, -3]^[-11, -12]
[-8, -3]^[-18, 3]
[-8, -3]^[2, -14]
[-8, -3]^[-17, -19]
[47, -11]^[50, -10]
[47, -11]^[44, -22]
[47, -11]^[35, -14]
[35, -14]^[44, -22]
[35, -14]^[50, -10]
[24, -36]^[30, -36]
[24, -36]^[40, -34]
[24, -36]^[10, -28]
[-40, -2]^[-38, -2]
[-40, -2]^[-40, 5]
[-40, -2]^[-32, -10]
[-40, -2]^[-48, 12]
[-3, -38]^[5, -32]
[-3, -38]^[5, -46]
[-3, -38]^[-4, -25]
[1, 41]^[-1, 39]
[1, 41]^[-3, 36]
[1, 41]^[-14, 42]
[36, 5]^[41, 3]
[36, 5]^[44, 15]
[36, 5]^[33, 23]
[36, 5]^[50, -10]
[-38, -2]^[-40, 5]
[-38, -2]^[-32, -10]
[-38, -2]^[-48, 12]
[-47, 38]^[-35, 32]
[-47, 38]^[-25, 32]
[12, 30]^[-1, 39]
[12, 30]^[6, 15]
[12, 30]^[-3, 36]
[40, -34]^[30, -36]
[40, -34]^[44, -22]
[-4, -25]^[5, -32]
[-4, -25]^[2, -14]
[6, 15]^[-11, 23]
[6, 15]^[-3, 36]
[5, -32]^[10, -28]
[5, -32]^[5, -46]
[45, 47]^[35, 39]
[45, 47]^[30, 34]
[45, 47]^[33, 23]
[30, -36]^[39, -47]
[-17, -19]^[-21, -18]
[-25, 32]^[-35, 32]
[-25, 32]^[-14, 42]
[13, -18]^[10, -28]
[13, -18]^[2, -14]
[39, -47]^[5, -46]
[5, -46]^[-14, -50]
[41, 3]^[44, 15]
[41, 3]^[33, 23]
[41, 3]^[30, 34]
[-14, -50]^[-31, -30]
[-14, -50]^[-21, -18]
[-18, 3]^[-11, -12]
[-18, 3]^[-32, -10]
[-32, -10]^[-40, 5]
[-35, 32]^[-14, 42]
[-1, 39]^[-3, 36]
[-1, 39]^[-11, 23]
[44, 15]^[30, 34]
[-40, 5]^[-11, -12]
[-11, 23]^[35, 39]
[-11, 23]^[-31, -30]
[-31, -30]^[35, 39]
>>>>>>> 9935b85ed2d75e6a5d1243be8edc30a7f3612f0c
